42574166
42568929
42538115
42464231
42422535
42385762
42382572
42377653
42362782
42354281
42315102
42288568
42283042
42194464
42022433
41964839
41877334
41814241
41764361
41689602
41635454
41550028
41373384
41237708
41233630
41163104
41126498
41017309
40970110
40866812
40717485
40386870
40376441
40205437
40151906
40140811
39962535
39819394
39663163
39624418
39552789
39405320
39342578
39235195
39232770
39024379
38978095
38841877
38753811
38454438
38372932
38365413
38362207
38336729
38261999
38230754
38225860
38156335
38110967
38025920
38007489
37988058
37950257
37861131
37851126
37461113
37347062
37162604
37072839
36966780
36951263
36575334
36562733
36522731
36480236
35997895
35879697
35801583
35761378
35400071
35124741
34994690
34946475
34748114
34715058
34682472
33532857
33527903
33388634
32863241
32863240
32851979
32600381
32514200
31943403
31603476
31075148
31050394
30705237
30482387
30359178
30175239
30277217
30277216
30277215
30277214
30159286
30112851
29997906
29972131
29945690
29350076
29297341
29244107
31391844
28559673
28485716
28485714
28402469
28325241
28282397
28139461
28049495
27831620
27603897
27467813
27467715
27140980
27049966
31514642
26989011
26766626
26766545
26605512
26391115
26390867
26106825
28462255
25752354
25720021
25598588
25303845
25207449
25024038
24334772
24334730
24334702
24334656
23902994
23255848
23221008
20727211
18062603
16076396
12109504